1
0
49
17
1
1
ψ
0
0
8
31
0
0
ώ
0
0
72
41
2
1
ς
0
0
227
42
0
1

0
0
181
45
0
0
ώ
0
0
120
46
5
0

0
0
115
48
0
0

0
0
131
49
0
10
>ό
0
0
111
51
2
3
΄
0
0
135
52
0
8

0
0
129
54
0
0
ώ
0
0
136
54
4
3
γό
0
0
98
55
9
0
ώ
0
0
96
58
0
2

0
0
142
64
2
5
	
0
0
102
65
1
0
ό
0
0
20
68
0
1

0
0
105
69
5
1
"ό
0
0
15
70
0
0

0
0
146
70
1
1
υ
0
0
117
71
2
3
eϊ
0
0
108
72
2
3
·ω
0
0
149
76
0
3
φ
0
0
76
78
0
0
ώ
0
0
115
78
1
12
«
0
0
134
78
8
0
=ώ
0
0
145
78
2
4
C’
0
0
134
80
0
0
ώ
0
0
163
80
2
1
Χ
0
0
135
82
4
3
ηώ
0
0
120
89
1
2
Ε
0
0
150
91
6
1
ƒ
0
0
204
91
0
0
ώ
0
0
124
92
0
0

0
0
111
93
2
4
¤ύ
0
0
160
93
4
1
η
0
0
118
95
0
0
ώ
0
0
145
95
9
2
ώνώ
0
0
177
95
7
0

0
0
122
96
1
1
ώ
0
0
156
96
5
2
p0ώ
0
0
172
96
0
0

0
0
190
96
3
1
w
0
0
162
97
5
0
ΰ
0
0
57
98
1
0

0
0
115
98
4
4
bώ
0
0
67
99
0
0

0
0
75
100
1
0

0
0
107
100
2
2
τ
0
0
52
101
0
0

0
0
85
101
1
0

0
0
97
102
2
0

0
0
196
102
2
2
Ω
0
0
58
105
0
0
ώ
0
0
201
105
1
1
υ
0
0
64
107
0
0

0
0
204
107
1
1
ρ
0
0
68
108
2
2
ώ
0
0
86
108
2
5
ϋoό
0
0
96
108
1
0
ό
0
0
90
110
4
5
γΗΐ
0
0
112
111
0
1

0
0
144
113
1
9
RUρ
0
0
124
114
0
0
ώ
0
0
133
115
0
6
χ
0
0
168
118
0
0
ώ
0
0
174
119
0
0
ώ
0
0
196
119
6
0

0
0
179
120
2
1
ζ
0
0
139
121
0
0

0
0
190
121
3
2
wφ
0
0
186
122
2
3
ξτ
0
0
207
123
2
1
ς
0
0
68
129
0
0
ώ
0
0
89
136
0
0
ώ
0
0
2
137
0
1

0
0
187
138
1
1
ψ
0
0
98
140
0
1
ό
0
0
49
142
1
1
σ
0
0
0
143
0
0
ώ
0
0
68
144
0
0
ώ
0
0
157
146
1
1
ψ
0
0
148
158
1
1
χ
0
0
65
165
0
1

0
0
107
165
2
1
π
0
0
139
168
0
1
ό
0
0
9
169
2
0
ώ
0
0
6
173
0
2
ώ
0
0
61
194
2
0
ώ
