1
0
51
18
0
0
■
0
0
11
30
0
1
 
0
0
74
41
0
0
■
0
0
120
46
0
0
■
0
0
184
46
0
0
 
0
0
128
47
0
0
■
0
0
97
51
9
1
Э§ 
0
0
108
54
0
0
■
0
0
137
57
0
4
Я
0
0
95
58
1
2
╦
0
0
128
58
2
1
п
0
0
134
60
0
0
■
0
0
140
62
1
1
З
0
0
106
69
2
6
░з
0
0
59
71
1
0
■
0
0
115
71
3
4
ѕў§
0
0
150
73
0
0
 
0
0
110
76
0
0
 
0
0
136
78
5
1
▀­
0
0
166
80
0
0
 
0
0
133
81
1
3
T
0
0
113
82
1
9
┐
■
0
0
145
84
0
2
Э
0
0
122
90
0
0
 
0
0
147
90
0
0
■
0
0
154
91
0
0
■
0
0
158
95
0
0
 
0
0
176
95
7
0
^
0
0
148
96
1
1
Ы
0
0
170
96
0
0
■
0
0
57
98
0
0
■
0
0
67
99
0
0
■
0
0
193
100
0
0
■
0
0
99
102
0
0
■
0
0
54
104
0
0
 
0
0
60
105
1
2
Р
0
0
74
108
0
0
 
0
0
103
108
1
0
 
0
0
201
108
0
0
■
0
0
88
109
5
2
└ы§
0
0
83
111
0
0
 
0
0
111
111
0
1
 
0
0
86
112
3
1
¤
0
0
126
113
2
0
 
0
0
149
113
0
0
 
0
0
113
114
6
0
 
0
0
202
114
0
2
Э
0
0
155
115
3
1
Ј
0
0
143
116
0
5
я
0
0
132
117
0
4
§
0
0
163
117
0
0
 
0
0
170
118
0
0
 
0
0
195
118
0
0
■
0
0
175
119
4
1
■
0
0
133
121
6
2
№ур
0
0
181
121
5
1
┐ч
0
0
70
130
0
0
■
0
0
91
135
0
0
■
0
0
50
142
0
0
■
0
0
70
143
1
1
З
0
0
150
158
0
0
 
0
0
58
165
0
0
 
0
0
65
165
0
1
Ч
0
0
12
169
0
0
 
0
0
9
172
0
0
 
0
0
18
183
0
0
 
