1
0
11
31
0
0

0
0
75
42
0
0

0
0
227
42
0
1

0
0
182
45
2
1
צ
0
0
126
46
0
0

0
0
131
49
0
0

0
0
103
50
3
1
ס
0
0
96
51
5
2
0‏
0
0
62
52
0
0

0
0
132
55
0
0
‏
0
0
95
56
0
0
‏
0
0
138
57
1
4

0
0
100
63
3
1

0
0
192
65
0
0
‏
0
0
109
66
2
2
ז
0
0
20
68
1
1
ת
0
0
15
69
0
1

0
0
209
69
0
0
‏
0
0
106
70
1
2
ת
0
0
147
70
1
7

0
0
60
71
0
0

0
0
150
72
6
0

0
0
116
73
2
1
ה
0
0
107
74
3
2
ןר
0
0
143
77
2
4
F¶
0
0
133
79
0
1

0
0
113
80
1
11
¿×א
0
0
166
80
0
0

0
0
135
84
1
1
ת
0
0
120
88
0
0
‏
0
0
148
90
0
0
‏
0
0
118
91
1
7
€
0
0
205
91
0
0
‏
0
0
144
95
2
1
״
0
0
158
95
3
1
ס
0
0
187
95
0
0

0
0
114
96
2
3
[נ
0
0
152
97
0
0
‏
0
0
60
98
0
0

0
0
109
98
0
0

0
0
193
99
0
0
‏
0
0
79
100
0
0
‏
0
0
51
101
0
0

0
0
90
101
0
0
‏
0
0
102
102
0
0

0
0
200
103
0
0
‏
0
0
61
105
2
2
g
0
0
204
106
0
0
‏
0
0
67
109
0
0
‏
0
0
89
109
1
4
‏
0
0
93
110
0
2
ת
0
0
86
112
0
0

0
0
150
113
0
0
‏
0
0
113
114
0
0

0
0
132
115
1
8
¿¿‏
0
0
170
118
0
0

0
0
197
118
5
0

0
0
179
120
0
0

0
0
193
120
0
0
‏
0
0
137
122
2
0

0
0
182
122
3
0
ק
0
0
209
123
0
0

0
0
187
124
0
0
‏
0
0
69
130
0
0
‏
0
0
3
137
0
1

0
0
99
140
0
1

0
0
51
142
0
0

0
0
71
143
0
1

0
0
158
147
0
0
‏
0
0
131
150
0
1

0
0
148
158
0
0
‏
0
0
56
165
0
0
‏
0
0
109
165
0
2
ת
0
0
11
168
1
1
‎
0
0
140
168
0
1

0
0
6
173
2
2
”‏
0
0
16
182
1
1
ר
0
0
41
192
0
0
‏
0
0
62
194
2
0
‏
